$ANSIBLE_VAULT;1.1;AES256
31336533346237316639613162393138633039346464356161333038376633653164343164656662
3032393265373563663333396466623466626133386530320a626139613365313839643339343339
38623935656137623138306162306330663039633431393634626239613562613264356361303337
3232616537656636660a643863323030346163303339653331643162663161356131313166346332
31646465333938313861626562376638613765613233383162633832333561313131633161653966
30303665376138313131653831383362316432653564313734323661343930383864663564333461
34353133663966663166633962643033386135383663636330316466393833346338623735323235
63623466383034326661363032616132383231633738313030336261363164646262376134346630
62323562306163386237383031306363376364363736303061363531646464376231303830356232
30616234646534616561383736366334343165306364623264663037336430393637656135613838
63323635396333633232663533626437343031343236303663373066386139353939653762343433
35346361653563613038653339623734373832633061666630636633656566363964313730633935
63376431613532333631643937646537623431633266393938636339623634376561613363643534
64666336626239346239336538343361613337356432663463396235386334396566363766396662
35386630393130333962613264623265333637366634303130323735303061353231653134316666
62646632363265626537356331313038353231613836386336303934333635616530663532306362
36333261653363633137633531323461663964646663326361666566383836353165383536323662
39333238333138336432643937316462623831383935633632356438376336656137616639623830
33643561316665363733366362396339646530323930386432346262373339376361666165366334
62636463623234343931376133633634333530326633303832323531363730623735653231653364
30326635633161656535383762646633366134333639653661633264373032336235636431616531
32333436643135353837626664306164333431646132336564313032333661623932396130633833
64343930626431366261303761333839366430616663346434363666343536343430383535353663
33363032323132326331613063323037646334343563333830323765336266383939623536346631
66366432323465613865396666383939333063396362646439383666363263373162366337363961
63633537313662643066666132393365653432353664636661666466373035656631623865653163
61316264643736656363636664346263616239336130313838316133313739356433366664303962
65313230326636643034323362313565643265616135336563383530666237346139373563656536
33346433613663303062656131323334663630656435323139613131336464306462326137306465
33666665646562646337333732336135616534313133616634646232336365326431323938346131
66366266643434346530616136626638383038653138393262643365613239366565336262386538
66383935643362303331633735316533663166363935656430343865356661656431353761653535
34373465303030363663313965623532663934613362646130666664303462356164373365663137
37363134616432653363396661626162303238353531613433336166373362393233666464666637
32616332386166303632336566636263636533303932646263313338393438383930303561383462
66366535643864616636323739666633393730646664303764393566383765313432363935626666
32313765646262643333313561663237353466336462393634383936633665616335303935393266
32643139643339343663346132663330373233643935393431623736656236346530323737333432
66313736656461383566613036353231616436353435313263386336363938383964303530313932
30386333396232383762326230616533633030313134616661643232396561316438336433396461
36353839613136666433613364393835343638323838353566303266633634353464363762623534
35306361303235343833313336323830613030653738616230663433353365333263353330313937
64353564626363333463646439643431626230303866646561343631343331326337313835666434
30643438393763336566363737663934626233656435303236626265653537353731376434633763
33343937363266646330366232613139613235383136633065633336356264316137313930636361
63353766646635626162626637623637353335396632386536333833616366353032323134653833
32326663663364656361613035663238326164346130373765623133336337373365383236653763
32636235366661356538643630636338363734663639353633333236386634653063623964373535
65373436653363663137316139636439323565346236633731396437333934656262323035373562
66616539363036396231353433393336663935313935663930636561336661383864663632393464
63366132656136323932653833643337633563363234646162353535336364653935636435363432
31393935386366613362633661343432636664643139613465356631373061343832366635383835
33653739393532333564316535336263313265313064656565646463366135303464623830633232
35383133396636373334636236376432623832633465636561653632356464663735313639353663
62636637626363376634646562346364626434396238336133666435396361373263636161333232
63656265633461626237656662343139663861303466303039633662353435333936353063626132
39323565653434373330353164656139643038346364343732376538346361363731303839633135
39663030306165396236663464306165613866376561373938346134376136656661316337376532
35393266396438613832626266383965393231386639343838393837373161303962356364323433
39623031313433393166396432303466663238636533633965626237343830313666396133353730
39616537373639666662326438396563356165626165373062383562313931353034343634613136
33343534613636643831333365666266333039363335313261626231343137363030633566656664
63326238346666343932356534323838653635366130643431643963343034656535313936396365
39333638306330383363636431663531303134313466336236306365313563643033656237316432
33356365356565373135663138356636356265636336316237323336643464376534643133326263
34306334303434383634373830353235613839336335633634393331303664666337303138313533
62373363376666343561323537333536636531386565323933373530613233633038306364306539
30343532306463343138636532343263353437663362636230313630613539343664323362623266
63323836393332623131666431663766623265306132346165326231666233346534373435373538
34313639323161656363343833353039613064313763623262633235343533653166616261316363
35386636346130393037653034656430653563653230333663643636373564346566663835366165
62393564656331326331323332643231663364346563666264336434346565346535333665316432
37346536666264353035306161326165633735613965353439383032336331363531393636626262
63633639333062393238346639613130393661343635306438643863643630393530336336393761
32323830323130656430623166313361353837356635313235656537663039643939376136343336
64303139313063613534366262666666646261336465663230653330303562616261643834633334
65346165386263376165373831343062303235646338386339346130396365363561643039613438
31313064353463643538643734316339363639666439626239393934396433633131306135666638
61313131323462303263323966663765393631613733653766333231336630346636636531613565
32386634616235333236373465323263373866353564333534663661366339313964623363323439
63396664396138616239663563633462313831386433303961396236353936366137616639363538
61313464663762633766333133316337363436313761643863323266376662306435653035333762
64333464613336396636393637396430343230323831653034646238613933336139366264663238
61363935313438343165396266653265353032663535353066393634616634376265616636306537
61626633313738306531353731346431396339346561646231383162353031633830316366623832
34663963643863386331646562653638663132383266353264313165623939353065616534666466
61366462326364323537626333643465636430363932316239626435333062656330313834333665
65373266616531333566653664643639333130313261363162636339646639623238373230313230
63386339663631373139643138303462313430383630383338323039386130373937336633393737
30313030646131376438663430373465623166613335646264386233343065386661386365623639
38303461363339613264306235663966303234323566666266633366363738393139646435623537
66633338306334336436303734383630353362353635393436633832393833386266663861643764
32383139643136393835663432396337346235633830616562383937643639396363316432666236
32646539306365643138663838373933366633326361663835343863313434373664313538393837
37383238366637326136666537303933353134653861383332303737323331633535306264643233
36383962623233333334653930326466316666303034623566353766623366383338386632343233
63623732383032626163613735316466336437376430636633376230343163396439363834333130
63323465613937356434633463383739663362343132316461353536383734363835336531613235
38666561366263373762393463613462613331326366666638386335323031663434653562303930
30346431356139626431653564383264323431613330626438316561366663633534306434346431
39303663626366623164343137363464316363376435336561353930636637613930643335363235
32343038316362393165653130343932643630613839393633303661653931643439386461393636
34306262353035636263383532383563346433653763663832633230373666353162393962376531
63643935316536643136393365313334633862316663616631333533613534613161613962636163
31356537366231626134616362356234616136663834363531343831313762656262653231646565
32646138623230303036306631626538356233636363306336313033346330333433313533376263
63346339326163656635393663633364373562396364386338383963323830656132373838623839
35373534343463306463336562303130333066353035643063336434626534633462643238626366
35336337323138323664343633633837383935616639383036643435323338353434653137353637
30366439386164306666336263323836306662663466363862373739313037376365353064353636
35373064326665373438626139346634366130366332663266306531383039336633333263623637
33376139366333393864363564326436653366613964643763626631373038376166343264633339
31363862393765346463616263663338316335653730656462346333373530303836366437373638
37326333376163643661386531346164333965333433656236663864383933623835323066613535
62363536323632323366356163656364336530373433383739333466303466363766613734313065
30376332373033303538373864343630343938623932313237663038643235613638646265353662
32363965353133326339323966656530373661616361666530353764313433373037633139306636
39636336653064623064333539616632633432636537653134636536633639616139653439393761
37336365336663346336613230656438326434663061636634343762343830646662306334616536
62326563343035363632653332393935386330616130343136333232383936336536306663656463
39366364316636636461643633643438393862313264663565313836313963663861333663376238
63303066373537663062353139363537653237386361666263613662646236303361343563336432
31373532633665616438636264613730303737303937643737646239386532376466373337643061
34363837656535343434616338346164343937323838623466373066393864356264333835663333
62336538313236666662336362613331343464663139633062653066666232646437396236383163
37653431343365653233616536306432386161653633633236623438353339653261363662646632
34656462353865376230646364663831386135353238316636343230393334383733383436373932
36393833316539303134653631656134626462353263663464663738626534623437326338343766
35343033393830343462326362306335303338353831303261633834363732393638376132613561
32356638343434666331386361343934613930613031666437306138613335653765363037303238
33323863623735316532303964363163353538643230383066663663633237316464356534393037
33623532353032393962326261643831623464363665333433373430623565333438383732376162
33366261306134343266316562643233646331653432633433376464356262376565613164366535
38313665613861343735643532646639323636636434313063363339393665613665633062376465
30383131623262346166663030366531303830633932656139353565323035653136636330663530
37313630313966616332363435616237313238346662333439636237363637666133613130663365
63376164623830313366626165323364633362633338303561363865623238306366356365313038
39366331373662356439626362333063653733353439336131386338303636386365626236623734
66356236326261666138393539643730356631393563303031366364313539633765326536303466
62393965376662306639313866333936316434653465656265363939313434366133316335656461
63313735323263646137356137666639656531313731343833303536656634356236366563393839
39623736663933663735663836373938623931323437623462373632376538663839366335346535
63643364346362656137346334373830353431646130393762336330656439666664613532626532
30346135653264663832373137386539646433666235396639393034643366633562303037646634
35643736653834636465306664356239636565323264643339323866613461313065653937666563
32663739656133633536333230623239623562353866663933316130653461646366643336616138
65646433373731363237313539336364636338343837646132633335656365646630396338653465
33366437373762663834396230663137646331393537646230653861666635353331623330336465
61386635613163356336376538616530323131323561666636366637633339633561653065356439
34376464393162303033663433313833303435646162343938383236636331666433666562333733
31623836366330333264626532666531346365323731613365386338666638313035353436356366
61653732396437636463613932343766323430643134623138376231313432306163326464396361
65663865626533363638336662653764363265336231653238663765653538643933373437393736
31633332363636363239656139343535393935626336643432663330353962323033333538643931
66653839383139333364663465303763373437323162623565376535326162613335663163396261
63386364393938376363636462633333663863623934316466373637396464646363336133616536
62376266623631366433343834323630303735663734326564393362623733316336353131626535
37626134643737393834653366393838656634313732373631323231356139633237353261323162
66646261373565383365353763383532376337326636373864646335336630316665303932313265
62353262663366353335343661616139663539646364663838393839373063373238373738346430
61633963346236646630656262613036313962616430323931303335363565303662636339653164
61326238613161663834613166653833376436643635333335313535333562383662343039373433
30663832393161656638383363313431393766373361636337393534373862623937633366393565
63633866646131396639363539343662313330653134343734633861636234623439656332353437
64333639666361363963393736373564656533343636636637306333643432393963373632653730
64356539316631623565663233306239333430653765386535306138626135306237636338633036
34616434326133646536663439373136316361316364663737646361633930333866636237383563
36346332386639306338323334333636333739373165386533636663666533313434333434643336
6261
